1 5.53086638256e-06
50 0.000742716342802
101 0.00311387777338
201 0.0111948686202
301 0.0319395681737
401 0.0494937479481
501 0.0863609230068
601 0.115906021099
701 0.160158878087
801 0.199508622028
901 0.336937219531
1001 0.304515280796
1101 0.445617163701
1201 0.443883632152
1301 0.653503863113
1401 0.603677077996
1501 0.708384674917
1601 1.4106699894
1701 0.890504253039
1801 1.0132918571
1901 1.09758423608
2001 1.24402972604
2101 1.35177179329
2201 1.61587777417
2301 1.71491070219
2401 1.81344901272
2501 1.99479901029
2601 1.93405429494
2701 2.18140609636
2801 3.13999333926
2901 3.99165866337
3001 2.94317587879
3101 3.38738938761
3201 3.93898427219
3301 3.91544490487
3401 4.12006878818
3501 3.91573527535
3601 4.43311582543
3701 5.34169139425
3801 5.27507645435
3901 5.46498902321
4001 4.92101804287
4101 6.05026530381
4201 5.51143565884
4301 5.69989598021
4401 5.61853654066
4501 6.52700978845
4601 7.58393386032
4701 6.7058278344
4801 6.87057298591
