1 9.08642334278e-06
11 0.000161185248863
21 0.000374123604592
31 0.000805531182432
41 0.000872691702792
51 0.00127288939176
61 0.00177896366576
71 0.00331496427258
81 0.00477550805946
91 0.00539970583692
101 0.00158538334237
201 0.00571140966377
301 0.0125345234704
401 0.02745877628
501 0.0414064361112
601 0.0567952816969
701 0.0783933149208
801 0.103128534569
901 0.117340885863
1001 0.147963317714
1101 0.176007180645
1201 0.219114358169
1301 0.252354470066
1401 0.289621447752
1501 0.349774360405
1601 0.391604697918
1701 0.435883233929
1801 0.473211841269
1901 0.55144792156
2001 0.597851495448
2101 0.669801746095
2201 0.77941364125
2301 0.798512512993
2401 0.865423749303
2501 0.935969159889
2601 1.02558697307
2701 1.3399578627
2801 1.45917371227
2901 1.57374402913
3001 1.38626899211
3101 1.6779412061
3201 1.59590739591
3301 1.77029245246
3401 1.92134594424
3501 2.04751646322
3601 2.16236608884
3701 2.34553060564
3801 2.31513888993
3901 2.25173698834
4001 2.28052198737
4101 2.39149526578
4201 2.49945896275
4301 2.65339759147
4401 2.72782804062
4501 2.88427096663
4601 3.01867892096
4701 3.13752854816
4801 3.33804378787
4901 3.42203908031
5001 3.56585622355
5101 3.94891494278
5201 4.32703775883
5301 4.02112435402
5401 4.1548073698
5501 4.40819334645
5601 4.48725194558
5701 4.69408936063
5801 4.76548573451
5901 5.00900425047
6001 5.12570434596
6101 5.44054535923
6201 5.59425090143
6301 5.99151683615
6401 6.03343250704
6501 5.88475728781
6601 6.0276721097
6701 6.2409735273
6801 6.43103977523
6901 6.77104939103
7001 6.67092490703
7101 6.9665319374
7201 7.24234439204
7301 7.21294309647
7401 7.72733421327
7501 12.8178156317
7601 11.6110959451
7701 10.3071159732
7801 10.8425871971
7901 8.82194797904
8001 9.24400562726
8101 12.2495870616
8201 12.8713445418
8301 14.2294503623
8401 13.1180551578
8501 12.9794615228
8601 14.9646139119
8701 14.0683536073
8801 11.140649537
8901 15.164480065
9001 14.3412074434
9101 15.8266859562
9201 13.9939444914
9301 15.14555186
9401 12.8922768957
9501 17.2305051775
9601 20.1365803996
9701 15.2019647218
